function [rad]=rad


rad = 57.295779513082323;
